# ======================= Data Setup =======================

data = {'Depth': [], 'pH': [], 'Treatment': [], 'Day': []}
depths = list(range(0-10))  


# pH values for Day 1 (each depth has 4 replicates)
control_day1 = [[7.8, 7.9, 7.8, 8.0], [7.9, 7.9, 8.0, 7.9], [7.9, 7.8, 7.9, 8.0], [8.0, 7.8, 8.0, 7.9],
                 [7.9, 8.0, 7.9, 7.8], [7.9, 8.0, 7.8, 7.8], [7.9, 7.8, 8.0, 7.9], [7.8, 8.0, 8.0, 7.8],
                 [7.8, 7.8, 8.0, 8.0], [7.9, 7.9, 7.9, 8.0], [8.0, 7.9, 8.0, 7.8]]

root_mulched_day1 = [[7.9, 7.8, 8.0, 8.0], [7.9, 8.0, 7.9, 7.8], [7.9, 7.9, 8.0, 8.0], [7.9, 7.9, 7.9, 8.0],
                 [7.8, 8.0, 7.9, 7.9], [7.8, 7.9, 8.0, 8.0], [7.9, 7.9, 8.0, 8.0], [8.0, 8.0, 7.8, 7.9],
                 [8.0, 8.0, 7.9, 7.8], [7.9, 7.8, 7.9, 8.0], [8.0, 8.0, 7.9, 8.0]]

root_mixed_day1 = [[7.8, 7.8, 7.9, 7.9], [8.0, 8.0, 7.8, 7.8], [7.9, 7.9, 8.0, 8.0], [7.9, 7.9, 8.0, 8.0],
                 [8.0, 8.0, 7.9, 7.9], [7.9, 7.9, 8.0, 8.0], [8.0, 8.0, 7.9, 7.8], [7.9, 8.0, 8.0, 7.8],
                 [7.9, 7.9, 8.0, 8.0], [7.9, 7.9, 8.0, 8.0], [8.0, 7.9, 7.9, 7.9]]

leaf_mulched_day1 = [[8.0, 7.9, 7.9, 8.0], [7.9, 7.8, 8.0, 8.0], [7.9, 7.9, 7.9, 8.0], [7.9, 8.0, 7.9, 7.9],
                 [8.0, 7.8, 8.0, 8.0], [8.0, 8.0, 7.9, 7.8], [7.9, 8.0, 8.0, 7.9], [7.9, 8.0, 7.9, 7.9],
                 [7.9, 8.0, 8.0, 7.9], [8.0, 8.0, 7.9, 7.8], [7.9, 7.9, 8.0, 8.0]]

leaf_mixed_day1 = [[8.0, 7.8, 7.8, 7.9], [7.8, 8.0, 8.0, 7.9], [8.0, 7.9, 7.9, 8.0], [7.9, 8.0, 7.9, 8.0],
                 [7.9, 8.0, 7.9, 7.9], [7.9, 7.9, 8.0, 7.9], [7.9, 7.9, 8.0, 8.0], [7.9, 7.9, 7.9, 8.0],
                 [8.0, 7.9, 7.8, 8.0], [8.0, 8.0, 8.0, 7.8], [7.9, 8.0, 8.0, 7.9]]

# pH values for Day 16 (each depth has 4 replicates)
control_day16 = [[7.7, 7.7, 7.7, 7.6], [7.7, 7.6, 7.6, 7.7], [7.5, 7.7, 7.6, 7.7], [7.6, 7.6, 7.7, 7.5],
                 [7.5, 7.6, 7.6, 7.7], [7.6, 7.7, 7.5, 7.5], [7.7, 7.5, 7.6, 7.5], [7.5, 7.7, 7.5, 7.6],
                 [7.5, 7.7, 7.5, 7.6], [7.7, 7.6, 7.5, 7.7], [7.6, 7.5, 7.7, 7.6]]


root_mulched_day16 = [[6.5, 6.5, 6.5, 6.5], [6.5, 6.5, 6.5, 6.5], [6.5, 6.5, 6.5, 6.5], [7.2, 7.2, 7.2, 7.2],
                       [7.5, 7.7, 7.6, 7.7], [7.7, 7.6, 7.5, 7.5], [7.6, 7.5, 7.7, 7.5], [7.7, 7.5, 7.6, 7.5],
                       [7.6, 7.5, 7.5, 7.6], [7.7, 7.5, 7.6, 7.8], [7.7, 7.5, 7.6, 7.8]]

root_mixed_day16 = [[6.4, 6.4, 6.4, 6.4], [6.4, 6.4, 6.4, 6.4], [6.4, 6.4, 6.4, 6.4], [6.5, 6.5, 6.5, 6.5],
                  [7.2, 7.2, 7.2, 7.2], [7.2, 7.2, 7.2, 7.2], [7.9, 7.9, 7.7, 7.7], [7.7, 7.7, 7.9, 7.8],
                  [7.8, 7.8, 7.8, 7.9], [7.8, 7.8, 7.9, 7.7], [7.7, 7.9, 7.9, 7.8]]

leaf_mulched_day16 = [[6.2, 6.2, 6.2, 6.2], [6.2, 6.2, 6.2, 6.2], [6.2, 6.2, 6.2, 6.2], [7.1, 7.1, 7.1, 7.1],
                       [7.2, 7.2, 7.2, 7.2], [7.3, 7.3, 7.3, 7.3], [7.7, 7.5, 7.7, 7.5], [7.6, 7.6, 7.5, 7.7],
                       [7.7, 7.8, 7.8, 7.7], [7.9, 7.8, 7.8, 7.9], [7.9, 7.9, 7.7, 7.8]]

leaf_mixed_day16 = [[5.8, 5.8, 5.8, 5.8], [5.8, 5.8, 5.8, 5.8], [5.9, 5.9, 5.9, 5.9], [6, 6, 6, 6],
                     [6.2, 6.2, 6.2, 6.2], [7, 7, 7, 7], [7.1, 7.1, 7.1, 7.1], [7.7, 7.7, 7.6, 7.5],
                     [7.7, 7.7, 7.8, 7.9], [7.9, 7.7, 7.7, 7.9], [7.9, 7.8, 7.8, 7.7]]

# pH values for Day 64 (each depth has 4 replicates)
control_day64 = [[7.5, 7.8, 7.5, 7.5], [7.8, 7.7, 7.5, 7.7], [7.8, 7.5, 7.7, 7.7], [7.6, 7.6, 7.7, 7.8],
                  [7.8, 7.8, 7.7, 7.5], [7.7, 7.5, 7.5, 7.7], [7.6, 7.7, 7.5, 7.8], [7.8, 7.8, 7.5, 7.5],
                  [7.5, 7.8, 7.8, 7.8], [7.8, 7.8, 7.7, 7.7], [7.8, 7.8, 7.7, 7.8]]

root_mulched_day64 = [[6.4, 6.4, 6.4, 6.4], [6.4, 6.4, 6.4, 6.4], [7.2, 7.2, 7.2, 7.2], [7.2, 7.2, 7.2, 7.2],
                       [7.2, 7.2, 7.2, 7.2], [7.8, 7.8, 7.9, 7.7], [7.7, 7.8, 7.9, 7.9], [7.9, 7.9, 7.7, 7.8],
                       [7.8, 7.9, 7.9, 7.9], [7.9, 7.7, 7.9, 7.7], [7.7, 7.9, 7.8, 7.7]]

root_mixed_day64 = [[6.0, 6.0, 6.0, 6.0], [6.3, 6.3, 6.3, 6.3], [6.4, 6.4, 6.4, 6.4], [7.0, 7.0, 7.0, 7.0],
                     [7.0, 7.0, 7.0, 7.0], [7.7, 7.7, 7.8, 7.9], [7.9, 7.9, 7.8, 7.7], [7.7, 7.9, 7.9, 7.7],
                     [7.8, 7.7, 7.8, 7.7], [7.8, 7.9, 7.7, 7.8], [7.9, 7.8, 7.8, 7.9]]

leaf_mulched_day64 = [[6, 6, 6, 6], [6.4, 6.4, 6.4, 6.4], [6.7, 6.7, 6.7, 6.7], [7, 7, 7, 7],
                       [7.1, 7.1, 7.1, 7.1], [7.7, 7.7, 7.8, 7.7], [7.7, 7.8, 7.8, 7.7], [7.9, 7.8, 7.8, 7.9],
                       [7.8, 7.8, 7.9, 7.7], [7.7, 7.9, 7.9, 7.8], [7.9, 7.9, 7.8, 7.8]]

leaf_mixed_day64 = [[5.7, 5.7, 5.7, 5.7], [5.7, 5.7, 5.7, 5.7], [5.7, 5.7, 5.7, 5.7], [5.9, 5.9, 5.9, 5.9],
                     [6.0, 6.0, 6.0, 7.0], [6.0, 6.0, 6.0, 6.0], [6.4, 6.4, 6.4, 6.4], [7.0, 7.0, 7.0, 7.0],
                     [7.9, 7.7, 7.7, 7.7], [7.7, 7.8, 7.8, 7.9], [7.9, 7.7, 7.8, 7.9]]